-41
64
30
-17
-49
75
-56
36
37
-51
35
30
-9
47
48
-13
-34
64
9
11
33
26
8
-20
62
-1
-72
30
-39
3
4
-15
25
1
-50
-67
-44
7
-47
-17
-67
-32
-64
-55
-84
-15
-48
-11
31
-49
4
-14
70
-14
-61
12
-6
56
33
-49
-50
-29
2
4
44
-97
30
62
-71
-54
62
11
67
-27
-21
-57
-21
-7
51
7
25
-59
24
67
-39
44
-33
-60
-28
57
-26
-5
-9
28
-33
-64
57
18
-7
-42
-17
-68
-42
-25
-8
-8
39
-86
-6
-4
-20
-63
8
-63
11
-13
-7
-19
-21
-24
-45
-15
-21
-43
-34
50
47
72
56
36
44
41
-59
71
59
37
-57
-91
-37
-30
-52
22
26
-50
-8
-4
15
-45
30
-52
-25
-51
-40
-33
-76
2
51
45
-13
20
45
-59
11
60
8
-53
-19
-57
23
-7
17
-45
-8
10
-67
63
13
-26
10
-21
41
-16
12
50
9
-7
-13
-3
42
46
-32
-39
15
-65
-53
61
6
-7
-24
-12
-35
26
-50
-56
52
6
-47
-43
4
-71
-57
-38
41
-71
19
-22
-9
-15
8
11
-76
52
-64
-19
25
-49
-67
-38
10
9
9
45
-19
-58
-8
-50
40
-66
34
-50
43
-64
-48
28
-19
43
24
-44
48
-69
4
-19
13
61
16
-6
10
65
-13
18
58
-32
-59
43
-25
-18
9
14
-42
-35
-33
39
15
3
-17
-5
-28
32
-55
17
36
18
-21
-23
28
43
56
-24
60
-12
-65
41
-55
-43
-73
-27
20
-23
-13
19
-3
60
-56
-76
24
-74
25
-24
24
-33
8
-73
58
-65
-50
-64
55
-74
-16
48
46
-48
-46
-15
-2
-36
-62
-28
57
37
54
-57
-19
-36
19
54
54
-61
-72
36
-41
10
-54
-51
-11
-14
19
58
52
-65
-51
18
14
-47
95
38
-45
45
77
-18
-42
57
8
23
-4
-10
-64
48
12
29
66
-2
-71
48
31
12
-68
61
-27
-22
-72
62
5
-44
0
4
-33
40
-49
-39
-63
10
-31
19
-45
-26
-7
55
-37
-67
0
34
30
60
-14
-37
22
11
18
72
-48
92
-22
52
-20
40
53
-14
12
17
-35
-55
43
48
57
9
48
29
-8
-50
-13
35
13
43
-17
-47
-92
57
0
36
-70
-25
37
-61
-53
-62
-89
-101
-40
73
-50
30
-15
-65
-27
41
60
26
53
-1
-9
43
8
-25
26
41
27
47
-45
-64
-4
-3
23
-6
-21
-6
-26
88
13
20
30
-10
-14
-60
49
10
-47
5
-12
32
-43
38
-38
7
17
2
4
80
28
18
28
77
-35
32
57
43
49
58
49
-8
-48
-70
-20
-12
59
14
-26
-100
-66
-14
14
-19
60
-72
-82
-78
-26
-58
36
55
84
5
-76
26
-70
43
50
0
70
64
-21
-54
-65
24
56
-27
60
-9
53
89
19
1
7
94
17
42
-38
0
42
72
-7
3
13
-67
-31
-67
-63
-81
-1
-38
26
-27
-33
32
-7
-48
-61
66
46
32
-42
-62
30
60
53
-79
-30
-51
1
-86
-24
-25
-84
-43
48
-37
-75
-3
22
-15
31
-57
18
34
65
-21
-37
-16
-59
8
-36
-37
-35
65
-14
60
2
4
-31
-13
18
59
-33
60
-19
-37
-58
-60
-59
-27
-62
-12
-51
-71
-6
21
-43
38
-43
-59
41
-43
43
-17
114
59
21
47
-22
81
-23
-18
75
72
18
-51
-21
44
12
-34
-2
9
19
72
26
54
2
65
-11
10
-15
-60
5
24
7
7
-52
-17
-56
15
34
47
29
-36
-2
13
-17
-61
8
-45
-53
69
-30
-53
-65
83
-56
11
67
76
53
64
34
-33
20
21
-21
-18
-25
-29
-57
2
-54
20
64
31
-12
-30
-20
61
41
-74
34
-14
24
-37
-76
30
-6
-45
26
16
-31
-42
4
21
-28
-70
17
-53
62
38
63
-66
36
-15
-38
30
-51
-52
10
47
62
-5
40
38
-45
-44
-38
59
32
44
24
-14
13
-12
-15
64
-8
-8
-6
-63
68
59
52
61
-31
25
47
-39
38
57
66
114
121
-1
84
-41
-74
42
127
117
-23
50
17
30
-20
21
-56
16
1
-63
3
21
-26
-29
-3
-27
6
-37
-44
-59
-27
53
45
63
17
-22
-12
-26
21
-52
29
21
73
-32
-54
-58
11
-29
68
18
-31
-18
-55
-64
28
-14
16
-43
-68
-59
-70
38
-30
59
40
33
17
55
-2
-61
1
-31
65
-66
-62
28
-2
-9
33
-1
-65
26
-64
-36
-30
67
66
-49
79
71
2
-58
50
1
29
-34
-23
-26
-31
-3
-61
-50
-27
-28
-8
43
-72
49
17
4
-13
-26
-5
-22
-20
-16
27
14
41
-16
-35
-21
33
-45
58
29
-28
7
-51
-45
71
-77
-43
70
-82
-29
33
43
-63
4
68
9
13
63
-18
3
-74
35
6
-63
-9
-53
72
-47
-57
43
59
22
-47
-48
65
5
41
11
53
10
8
41
-53
-19
-27
23
11
-31
-38
71
-27
-8
40
-57
-24
-22
58
-20
-41
61
35
-72
15
62
27
55
-23
-36
-8
-5
-50
-3
6
31
15
32
-66
30
62
87
-19
58
-53
-47
-7
-45
-18
-21
58
16
-75
57
-44
26
56
-19
24
-58
13
42
72
-61
-34
37
-27
31
27
6
-35
46
52
13
35
33
63
19
47
35
-73
-70
43
-32
-74
20
-82
-14
-15
-27
-40
-72
44
-62
-30
-35
-37
43
0
-23
-14
-78
-78
49
-27
13
54
-44
9
-81
65
22
-42
34
40
-61
1
39
-61
6
-1
58
-57
-51
-23
34
35
48
-25
54
65
-44
33
20
16
-19
-48
36
38
26
-14
32
-32
54
5
45
-55
21
-8
-25
-35
-43
48
-76
6
-9
-60
-56
-65
-61
20
-72
-53
-39
2
50
-39
-27
53
44
-12
-90
-16
-85
24
39
-59
36
70
-26
-66
51
-65
15
40
-38
81
33
8
-13
21
61
-50
40
49
29
50
-65
39
-67
-31
-54
-27
-5
54
-54
22
-78
-32
-9
3
39
54
-33
-57
-77
-1
-71
15
-10
-13
23
-45
15
22
-48
-19
-30
29
1
12
-64
34
-40
55
-23
15
3
48
-9
-59
63
-14
-56
-67
47
-61
-39
38
-24
-42
44
39
46
-73
-40
13
-1
81
-8
21
17
60
-6
13
46
-67
-18
13
-34
-37
80
-75
8
8
-99
-27
-77
-82
-10
66
4
-40
-55
64
11
-35
-65
-33
-13
-42
14
13
70
63
-61
-61
-44
-68
-2
61
20
20
10
-59
26
-16
-35
42
-29
-17
-9
23
-26
64
-5
62
41
-27
34
15
44
60
-59
40
94
-35
16
59
-81
35
-3
-2
-10
-60
14
15
-66
73
-41
-3
61
3
17
49
-34
16
20
28
-40
-29
-39
7
13
-74
-2
-10
10
-19
-20
34
45
-23
46
62
69
97
72
-55
75
58
13
-25
-30
36
-44
-52
-15
32
-65
-32
6
-72
-9
-84
-75
10
23
-8
21
57
43
29
75
65
-46
-8
25
-47
-9
53
-35
-70
12
20
-48
2
-11
-28
-44
-28
-17
-83
49
120
51
74
76
-25
70
16
92
0
5
-34
-69
-93
1
37
11
-47
34
-7
54
17
-30
44
-62
18
47
52
62
-13
32
90
-29
-30
-35
1
18
4
10
-37
-6
0
-55
49
51
53
-36
-59
40
-76
34
-93
10
-61
54
90
-19
58
62
-22
-7
81
68
-8
-29
50
-60
-26
-38
-19
24
29
43
52
-35
68
32
49
21
-40
-47
-54
-19
47
29
28
-45
-24
-50
-33
42
-22
-4
15
8
-68
43
-47
-13
3
20
-6
58
23
6
-74
-26
-25
11
-59
16
6
58
36
3
44
53
-52
11
21
12
19
3
-40
-45
21
63
-7
-67
42
-53
-15
48
49
58
-35
32
38
55
56
-1
-5
47
-52
-21
29
-38
5
-59
-18
-40
-24
-70
15
-48
-4
39
-20
-16
-47
-6
-5
44
15
-52
20
54
-4
42
-18
38
-36
46
44
8
-31
15
14
-12
36
12
-57
-7
0
-40
-27
56
-55
-22
21
-15
42
-3
49
43
51
38
-58
-49
-58
73
17
40
36
-60
-34
25
-57
-19
-50
47
26
-36
-8
-10
43
-4
54
2
-17
-55
5
28
-61
-34
-31
5
34
9
3
59
-50
-55
-45
-20
47
-11
-2
37
41
-60
47
27
-12
49
-9
-25
48
31
-13
3
1
-36
-11
9
-64
15
-20
-5
-21
56
-63
-46
-30
-35
-36
-54
-27
-12
-50
67
70
-22
58
34
-34
-65
4
69
-9
-5
22
-25
39
45
24
-58
45
27
20
114
55
84
52
75
-25
56
-14
-36
-34
69
-22
38
-8
-67
35
20
-25
15
-22
-36
-65
18
-77
-51
4
-1
26
38
-85
47
11
-69
3
1
-25
30
8
-75
-36
21
-23
23
-33
-52
64
42
59
45
1
59
-28
64
58
69
49
36
-51
95
4
2
31
46
26
-17
50
-65
55
-85
-48
-66
13
-41
14
41
-33
1
9
6
-83
-70
24
2
-36
-42
-12
-40
57
0
46
-5
-67
41
62
-79
-78
38
39
-73
19
19
42
-32
-74
-71
51
-22
22
-16
-28
60
60
17
-5
58
44
-27
-41
4
-9
40
26
-60
4
81
62
-45
20
62
62
47
1
47
-39
10
-54
-3
-15
43
39
52
-41
-21
73
-57
-1
72
46
-41
4
64
16
32
10
-44
-30
22
-32
-55
56
-64
-81
3
-68
-5
25
50
-49
-9
-48
4
51
-23
-69
-8
-13
-18
-64
-5
-29
-4
-65
-61
1
57
-24
-19
-76
-21
-60
14
23
-43
15
51
48
7
22
32
-46
-37
60
-39
8
-66
49
27
58
-47
-38
59
51
-34
64
33
18
16
-25
-42
-78
-39
-16
38
28
-17
-32
-56
33
-7
51
-48
-65
4
72
62
69
-31
24
40
45
1
10
57
9
-61
-69
-49
-12
-23
45
22
-65
-34
-51
-33
27
60
-66
-31
70
7
5
10
67
10
16
-39
28
33
-9
40
-41
-76
-48
19
42
27
-58
-25
29
-57
57
-22
7
24
-18
66
-37
5
8
86
92
-37
-26
27
-21
-19
41
-81
-15
-39
12
-18
-7
-46
27
46
-45
-67
-39
-49
50
-20
72
46
56
63
-74
-30
-72
20
-36
40
-8
24
51
-31
28
44
-62
53
19
-40
-66
40
33
-82
-32
-10
-15
33
2
54
5
-31
9
32
8
12
50
-28
1
43
39
32
9
56
-55
-33
21
61
-8
-55
-70
41
-17
6
14
29
-19
58
-54
4
51
47
-3
48
-2
-25
29
49
-7
24
-60
47
-30
-33
53
-68
51
-13
-23
17
18
45
35
-49
-29
-22
24
-71
36
-20
23
-6
57
51
42
-31
55
-16
-13
-37
50
-29
16
11
-4
-73
-56
31
-3
-39
45
33
-51
-60
-51
41
-11
-11
-8
-27
-16
60
11
-46
70
48
38
-34
-77
-9
-13
-63
25
-48
28
8
-5
8
-47
-64
63
-10
29
-43
-60
-6
13
-12
-45
34
-43
29
-2
-53
61
30
42
3
25
61
31
-50
-32
33
60
-54
-9
-35
-4
-68
-69
-34
39
46
78
29
-53
36
51
73
11
56
-36
-61
40
-4
-34
8
13
20
-38
-28
4
-2
-56
32
45
22
14
9
34
-7
59
54
-27
24
-51
-19
-35
11
-33
-64
-25
57
31
-10
37
12
23
-41
7
26
6
-22
-57
-11
-36
6
56
-56
64
8
-48
8
21
20
-7
42
4
-41
-43
-27
24
-14
27
-39
38
-9
-4
-37
22
-13
-23
0
37
-74
40
33
10
-14
62
25
57
-32
-61
59
0
-46
-14
31
9
59
-33
-14
3
-54
-26
-37
-41
8
60
-1
-24
40
7
23
46
13
-26
-34
43
58
-15
31
60
52
-54
-30
64
51
-14
28
4
-44
60
-59
2
-77
-54
-44
-49
-57
-13
46
-56
59
-36
85
16
-41
31
57
-22
78
54
9
-15
26
-10
29
-58
-61
24
9
42
-30
21
-54
-21
15
27
-59
-4
74
67
35
-6
16
-1
11
-29
5
73
30
-54
-7
51
-39
-96
-30
-27
-72
-28
-14
10
-38
-27
19
35
40
51
44
-22
20
75
-64
-5
33
86
61
-31
-5
63
-38
25
-8
-27
51
-25
-62
24
-28
2
-9
25
79
49
-2
-44
-55
41
21
-41
-26
76
-93
-94
-41
58
17
0
31
61
19
49
-33
-23
73
89
22
-14
-58
19
41
30
-18
20
-28
-37
-51
-73
-78
8
54
71
35
-55
66
35
22
49
86
25
101
-24
-4
0
-34
56
-54
-49
-10
-45
-65
-55
-7
42
-44
44
-39
-47
8
17
0
-28
86
106
32
-57
-57
32
9
18
37
-3
-51
-56
-35
29
-32
-24
-83
23
-12
9
-18
9
-44
22
-37
25
15
92
73
63
-29
40
-8
61
53
80
4
-26
6
29
42
59
52
61
38
48
-44
42
37
-31
31
-2
30
-47
-52
-45
5
-36
-35
-16
4
15
-32
37
-34
52
-59
-12
37
-76
-7
-25
37
35
-13
-52
-57
-46
-25
-52
48
-52
-22
41
69
57
-42
37
45
-13
32
-34
-12
6
-46
-71
-45
-43
-50
-11
69
53
32
-44
-3
37
-56
-6
-12
27
-23
-69
-56
-49
46
3
-46
33
51
34
-12
44
41
-11
64
-63
60
21
43
15
-15
52
-6
-33
47
-4
32
-61
29
-42
-75
-15
-41
65
-9
68
65
-56
-64
-86
22
-39
-56
-7
6
23
53
0
-22
54
63
-20
-65
-27
-30
29
-87
83
-71
-51
18
-54
-56
25
18
65
61
62
-18
89
-30
6
46
46
-55
-86
-34
-74
19
45
-40
-69
49
-27
-31
-26
43
14
-47
-7
-37
-25
5
-42
65
14
-5
54
-53
3
3
68
91
-75
-19
17
-8
68
40
58
-4
-32
41
14
-52
42
-31
-45
-19
37
-60
-19
-33
-38
-65
-55
9
-55
23
56
-57
64
-2
2
-21
-37
34
16
25
0
-40
26
13
-77
-27
-29
2
8
67
80
-36
21
3
-25
-46
4
-18
31
-52
-23
56
39
-47
71
0
-30
46
-50
-25
35
23
-29
40
-64
-18
4
36
-55
42
87
-78
3
-77
-9
-13
13
83
19
-1
-32
-12
58
-16
65
65
-54
-13
65
-48
76
23
29
26
-8
-92
46
-42
-37
-15
12
-40
-59
27
15
69
-7
-7
-1
54
4
-68
2
49
-26
12
-41
24
-11
-40
52
24
40
-57
64
-38
-61
27
-39
-68
46
-12
-76
-64
-30
-3
6
-33
53
-20
79
27
-18
81
12
-14
55
12
55
-9
35
54
13
-96
-72
66
32
-42
-76
73
-44
-76
-51
-77
-12
51
-2
-96
47
-43
-19
5
67
-36
88
22
-9
-58
34
-29
36
2
-25
11
13
-14
48
45
21
-28
31
22
19
-63
65
-67
52
-50
45
-16
-28
11
43
19
-87
40
35
-3
101
-22
-21
46
-41
-30
45
-63
8
-29
-2
11
-53
-16
-9
-74
47
-76
-47
-58
-67
-7
62
36
-49
65
-6
-77
7
-30
-66
-85
76
-25
-29
-53
-64
35
101
48
-26
62
55
42
4
-42
-3
-58
-27
-60
-1
2
19
-21
54
-25
14
0
59
-53
13
5
-36
46
46
-40
60
-38
62
-56
-61
-39
-17
-81
77
0
-45
-6
-54
44
-65
-21
9
36
-57
-63
-1
-23
56
-20
9
-18
-69
-24
95
59
112
44
-71
-38
13
-14
-87
32
28
79
9
-36
-30
-11
51
-60
-83
82
27
-85
-42
10
-44
21
48
46
34
-12
21
-14
51
52
61
-47
-18
-3
-30
19
19
-7
-13
-40
-73
-7
8
43
-11
7
-26
-56
33
3
15
40
73
35
-51
-33
-27
-45
60
28
26
-33
-39
-23
-15
23
-5
19
-19
4
-21
-32
-48
-42
-18
45
53
18
55
-39
-8
54
-37
56
-6
-28
51
-28
-65
11
56
45
-54
74
28
-18
18
29
-50
-39
26
17
45
-20
-62
63
72
-22
-18
72
0
-57
4
-3
-49
-48
-37
34
76
51
-21
61
17
32
-24
6
72
-48
35
1
11
7
26
35
-17
-56
-72
-41
-6
-61
4
-52
-44
-60
-16
8
63
-30
-6
-14
43
5
35
-37
6
-16
-11
43
44
32
40
-60
-1
19
-44
23
-57
-13
9
54
-17
73
33
-45
56
-60
-1
46
-31
-77
5
-47
41
-43
15
-65
6
15
-3
78
-33
16
-7
-8
-20
-18
21
28
21
34
51
-8
17
55
-11
-28
38
13
38
-20
11
-33
-21
8
19
-50
19
61
72
29
23
57
-13
58
11
18
15
45
44
-39
-69
36
-51
23
-10
-24
-12
-29
-64
26
55
7
41
-10
5
-3
15
24
6
5
-25
-44
-35
32
-21
-84
-95
-90
-24
-31
-81
69
-27
27
61
-56
6
-60
25
5
35
33
-25
23
20
-48
-5
-5
-25
-59
-94
18
46
1
32
59
15
91
-43
-17
-9
79
20
70
70
-22
-17
-25
41
68
37
-26
25
-10
-67
-2
71
-20
48
-69
-66
-46
-67
-33
-16
-18
38
-8
-69
-99
-37
-17
19
14
-27
36
34
-71
-12
-51
65
-47
-7
-23
-36
-14
12
46
5
60
51
34
-33
36
33
73
-21
71
-7
49
-37
12
-20
20
15
-63
-108
-60
-6
17
20
-50
-6
-42
-13
-13
11
27
-30
-12
27
-3
-57
-54
-31
4
-21
-12
27
39
49
-68
-10
-52
18
-30
-49
33
16
-34
-24
12
-45
13
34
45
-13
40
-63
-28
-16
50
-8
8
52
-22
25
-28
-74
35
-12
-70
5
7
-51
-12
-40
8
33
-29
-71
-9
-26
-56
1
43
32
12
44
20
-27
67
-36
34
-49
19
-62
13
46
-16
-75
-33
34
10
32
-32
-74
-6
-30
-21
56
23
19
-5
-17
32
36
-47
34
40
44
60
-31
-65
-5
14
59
12
-62
-59
-50
-38
-28
51
-75
-2
-11
-33
31
-56
28
47
1
-61
26
8
31
-26
-43
57
-32
55
62
-8
67
33
51
48
-75
35
15
-71
52
35
17
35
-46
-39
65
35
59
-41
43
9
-13
37
3
-31
33
-40
-53
56
-41
-64
-70
-85
-64
-19
-28
7
-70
-17
-37
16
-11
-53
-63
47
-75
3
-6
19
-57
-59
18
-10
-70
-86
-34
-2
28
-30
84
-11
10
80
-13
-4
-33
57
-14
-28
11
-73
33
29
-42
-29
23
-82
1
31
-58
-43
-26
-64
-26
55
-7
74
15
-32
45
49
9
52
-31
27
27
44
55
-9
24
54
-43
-43
4
-53
12
7
5
-47
-5
-38
1
-70
36
-18
1
-13
-25
-67
-16
-64
22
5
-89
37
57
57
-20
57
-1
-90
-42
-36
-49
54
2
82
38
10
35
-28
-28
62
-41
64
45
-76
-95
-17
-37
-96
-103
12
12
-62
-10
-16
-59
6
-54
-46
-12
-26
49
-54
-2
-52
-24
-51
-14
22
-49
51
7
8
-26
-41
22
66
-65
6
-8
12
7
-27
-47
45
-63
-56
24
-8
-31
39
-25
-45
-37
-3
15
42
55
-29
-48
7
17
-54
-32
83
-100
-6
-32
-4
5
-44
21
-55
-20
60
-35
-22
-53
90
6
52
-39
49
30
-58
-19
-39
-11
-8
-89
-90
37
-12
-96
90
72
-2
70
-47
-64
99
-28
28
-76
20
-47
57
47
-20
34
6
76
30
25
-57
-19
42
37
40
18
-24
54
77
69
-39
21
50
-91
58
65
-44
102
83
56
122
-59
41
100
-46
84
-7
4
-1
2
-56
109
52
-49
-68
-1
-25
-58
44
56
-90
-79
15
-64
-34
-14
-66
-14
48
8
41
-13
-33
56
32
44
59
4
11
-57
-13
-23
44
6
3
-19
-2
-69
-9
-13
23
-58
66
65
29
68
9
-37
-41
-21
-58
71
-32
-51
-17
52
46
23
17
101
77
3
91
38
102
92
77
49
55
-2
-29
-28
-1
70
-37
2
0
-37
-38
18
-80
8
-9
-37
-16
25
88
-9
-1
63
-9
78
82
-36
-10
55
-20
-31
12
17
-70
28
-36
-45
-42
-44
73
-10
35
88
-42
-41
-56
-65
-4
-33
-54
-46
-7
-50
-46
-34
1
-52
39
-53
44
-21
42
6
-44
66
-52
-68
-26
-16
-27
-9
41
68
-10
30
-1
41
24
11
-21
-10
25
-6
3
-10
-50
-64
-23
-75
22
-27
-71
64
-7
33
-25
-18
-3
-41
5
-1
62
43
-54
28
-37
42
-59
-17
47
-8
-12
-54
-10
-15
-52
62
31
-20
57
26
-49
0
-26
40
-67
18
61
37
-24
-8
-15
12
-45
44
-73
50
50
14
28
-40
52
-68
-65
61
46
43
-39
-61
27
-29
-65
64
38
35
-32
54
17
-11
56
2
-9
1
-28
-2
-42
36
11
-45
30
-42
49
31
4
-57
-45
15
35
-39
50
36
61
65
1
26
-66
-9
15
55
-55
23
-45
19
17
1
-37
-52
-5
-45
-21
-37
24
-34
-27
-26
12
-49
56
-18
-5
-88
45
90
63
56
56
-50
7
43
21
58
-33
38
-44
-42
64
59
41
-40
-23
59
-23
55
64
-64
8
37
-5
-31
20
-18
-59
-19
58
-11
-39
-44
-1
49
27
27
-68
9
1
47
12
-45
-67
-2
54
-16
52
62
-17
43
50
-29
-48
61
-45
31
8
-51
56
-27
38
-71
43
50
12
16
30
71
-23
-35
-40
75
-51
65
24
67
-34
13
-34
-38
41
58
-57
26
5
-77
0
-21
51
85
-32
-3
-62
-72
-27
32
-49
-55
-5
-17
-53
5
-28
-61
27
-55
-1
22
-5
59
88
38
45
-59
43
-59
-68
-73
-4
-11
21
-32
-52
-6
-66
-12
45
55
10
-38
-37
-11
-42
32
46
-24
-38
44
-52
42
59
2
-5
-11
44
34
-43
45
14
-28
25
47
14
-42
-27
-58
-71
44
-68
-30
11
-53
-60
15
10
33
-62
64
33
-20
-19
51
-3
-49
-58
-31
69
-45
18
21
53
66
-14
26
27
-36
-20
-10
-39
57
30
-67
-5
-46
-7
-39
30
-48
26
-53
32
11
40
-6
-37
51
56
-8
-21
-33
-13
-53
53
-21
22
54
56
-27
-59
-2
-27
-39
-13
53
10
24
61
51
27
-50
-39
15
3
61
-30
64
25
34
13
15
-2
18
62
20
-57
-66
11
-76
-63
-35
-19
35
23
26
-27
-23
74
28
27
65
-54
-62
-26
63
51
12
54
-24
32
-25
43
7
-29
-41
-39
-78
-57
-67
-47
-49
20
62
-75
-41
45
-68
-56
-27
69
37
56
-13
11
-56
52
-48
-51
17
-1
-53
53
26
36
31
49
-35
-7
-54
58
40
3
45
-55
-51
-58
-45
-35
-6
-32
11
-5
-40
-17
-10
-29
-52
-32
12
-8
-23
17
-63
6
-69
38
-66
-55
22
23
17
19
-37
60
-13
-4
-47
13
33
55
-48
-22
-57
-1
-29
30
8
22
17
26
55
31
60
48
-69
-61
-41
-64
-52
-60
33
67
-29
-48
-29
-21
-43
34
41
-45
47
10
-15
56
-13
-44
-52
16
-14
45
52
16
-59
52
50
-36
30
-32
11
-21
-11
-66
27
23
2
52
-22
-17
-36
48
-24
-17
24
-25
3
-7
-53
12
17
14
-61
-11
-29
8
-25
-50
-74
49
12
16
19
-78
12
33
43
38
55
35
-53
-14
39
53
14
17
64
59
23
60
65
56
63
30
47
-53
25
4
-60
20
-4
64
39
-46
60
13
-54
-5
25
28
-42
48
-28
-71
-39
-52
1
-46
-19
-12
35
-43
-66
-56
-5
-47
56
0
57
-51
20
24
59
-64
-66
-34
-42
42
26
18
30
-2
11
10
-35
24
32
22
35
-7
2
60
56
7
35
-33
-14
17
10
-12
-42
11
-14
46
-29
47
-44
-12
58
-7
1
-63
58
-17
-56
50
16
55
27
27
-41
51
-18
5
-9
1
6
-70
-48
-67
-8
27
26
27
-59
-13
-16
-8
-53
21
-51
-1
10
-6
-4
37
40
-59
-50
23
36
-18
-61
55
52
31
-35
-63
-32
10
57
63
44
-54
-40
26
-71
-61
27
60
-10
-22
-11
-44
9
47
-1
39
