-48
-27
71
63
53
13
-39
90
43
68
-89
64
86
-56
37
9
10
-42
72
-37
-81
71
51
44
19
68
6
-70
-27
56
48
96
65
96
87
-16
26
-37
-57
52
-8
-55
-68
-22
80
-53
-19
16
-101
19
62
-64
-48
64
51
39
-98
-29
0
91
50
-60
-78
7
-63
-78
-68
6
34
58
26
69
28
6
-67
39
-64
56
-58
-44
-98
-53
24
-15
-16
-8
-56
42
-63
39
29
-63
-19
-30
70
35
-91
-61
40
-7
45
-2
8
26
-43
39
-1
62
-29
-51
40
-51
-24
-66
73
24
-40
68
-82
59
34
96
94
44
-53
106
-87
-95
-107
3
76
-51
45
-65
-36
-83
27
-46
-40
-48
34
-53
64
-47
46
-84
94
-99
-37
98
5
-18
-31
6
41
85
-26
83
-54
-25
67
98
31
-39
9
68
-6
-82
24
-5
59
-54
-24
23
-83
-44
-31
-10
80
-88
66
58
74
35
14
-49
-15
37
-43
84
123
50
50
4
-103
-14
-13
-53
4
115
102
-28
-78
40
-94
-49
24
56
-56
10
74
-62
-48
-74
-25
-11
14
51
-22
-110
-12
-44
-76
-43
4
77
51
48
50
39
97
11
-13
-58
-44
84
21
47
37
66
-62
16
53
63
-59
-37
57
-70
-34
43
67
52
-43
65
-4
100
-25
64
-4
64
-36
11
-22
57
-2
49
5
49
25
-24
-51
-65
-77
-71
40
104
-23
41
109
-78
-58
-16
-74
26
32
68
36
7
30
29
-56
-24
-93
-7
26
85
28
-103
-38
-93
65
-64
-2
48
88
106
3
80
-56
79
-18
93
-63
-25
-45
-18
-74
-109
-43
-97
-57
75
6
43
-40
-49
80
93
56
11
-50
-29
-106
40
-13
-104
-81
-10
-77
-96
5
-98
-7
-72
-91
63
-94
-71
93
17
29
34
22
-47
-59
91
38
-23
34
-96
17
86
108
88
72
-86
-60
-45
-89
46
-21
42
80
33
-79
75
-127
-112
18
85
60
-44
27
89
-6
-69
-24
70
-50
0
-37
-40
-94
8
65
55
-40
101
60
82
-68
-33
96
51
28
40
-49
-73
-66
-12
94
1
98
62
-14
59
-48
-60
34
-41
-5
60
4
-44
-84
-61
-42
-97
64
-60
-85
-3
